%YAML:1.0
---
R1: !!opencv-matrix
   rows: 3
   cols: 3
   dt: d
   data: [ 9.8440138431972524e-01, -5.3698103234068890e-03,
       1.7585528051923616e-01, 3.8327800303307896e-03,
       9.9995144137959657e-01, 9.0788038918199233e-03,
       -1.7589549268428600e-01, -8.2631725116724952e-03,
       9.8437416444835368e-01 ]
P1: !!opencv-matrix
   rows: 3
   cols: 4
   dt: d
   data: [ 2.5471695916798262e+03, 0., 8.7129293441772461e+01, 0., 0.,
       2.5471695916798262e+03, 5.4118680572509766e+02, 0., 0., 0., 1.,
       0. ]
R2: !!opencv-matrix
   rows: 3
   cols: 3
   dt: d
   data: [ 9.6636285899926733e-01, -1.6342377240014045e-02,
       -2.5666271925020040e-01, 1.4088469573773408e-02,
       9.9984437380166968e-01, -1.0618060190814065e-02,
       2.5679630015214583e-01, 6.6449140921429894e-03,
       9.6644270670582266e-01 ]
P2: !!opencv-matrix
   rows: 3
   cols: 4
   dt: d
   data: [ 2.5471695916798262e+03, 0., 1.3273471853733063e+03,
       -3.0236418937425269e+05, 0., 2.5471695916798262e+03,
       5.4118680572509766e+02, 0., 0., 0., 1., 0. ]
Q: !!opencv-matrix
   rows: 4
   cols: 4
   dt: d
   data: [ 1., 0., 0., -8.7129293441772461e+01, 0., 1., 0.,
       -5.4118680572509766e+02, 0., 0., 0., 2.5471695916798262e+03, 0.,
       0., 8.4241774693995103e-03, 1.0447815622355783e+01 ]
R: !!opencv-matrix
   rows: 3
   cols: 3
   dt: d
   data: [ 9.7462875996107312e-01, -1.5830093659781712e-02,
       2.2326707861093950e-01, 3.8455403289521684e-02,
       9.9450630746461277e-01, -9.7357004734848526e-02,
       -2.2049934742438840e-01, 1.0347276234750676e-01,
       9.6988320185349908e-01 ]
T: !!opencv-matrix
   rows: 3
   cols: 1
   dt: d
   data: [ -5.6863483967626081e+01, 4.1649755439741028e+01,
       1.1402846472142581e+01 ]