%YAML:1.0
---
M1: !!opencv-matrix
   rows: 3
   cols: 3
   dt: d
   data: [ 2.5375069060097394e+03, 0., 5.7977660499978253e+02, 0.,
       2.5345253554785218e+03, 5.4076730909428625e+02, 0., 0., 1. ]
D1: !!opencv-matrix
   rows: 1
   cols: 5
   dt: d
   data: [ -1.5305829769945625e-01, 1.3160693190414647e+00,
       4.2836625054198645e-03, -2.7466330287931615e-03,
       -8.3925728843156406e+00 ]
M2: !!opencv-matrix
   rows: 3
   cols: 3
   dt: d
   data: [ 2.5577835861006279e+03, 0., 6.0617387278765045e+02, 0.,
       2.5598138278811307e+03, 5.3012890785695186e+02, 0., 0., 1. ]
D2: !!opencv-matrix
   rows: 1
   cols: 5
   dt: d
   data: [ -1.2659674810378363e-01, 2.2161237919275620e-01,
       5.3927574731015282e-03, 2.8466376753236763e-03,
       2.6737263876736678e-01 ]
M3: !!opencv-matrix
   rows: 3
   cols: 3
   dt: d
   data: [ 2.5563011341697088e+03, 0., 6.0016878197109270e+02, 0.,
       2.5514003971830034e+03, 5.0688715810100854e+02, 0., 0., 1. ]
D3: !!opencv-matrix
   rows: 1
   cols: 5
   dt: d
   data: [ -1.2649987122189488e-01, 4.4507018999977782e-01,
       3.3280433436010939e-03, -1.3630717415958975e-03,
       -2.0386117256889325e+00 ]

