%YAML:1.0
---
M1: !!opencv-matrix
   rows: 3
   cols: 3
   dt: d
   data: [ 1.7661528674521755e+03, 0., 5.9104984423320252e+02, 0.,
       1.7657224483491284e+03, 3.9330834567739691e+02, 0., 0., 1. ]
D1: !!opencv-matrix
   rows: 1
   cols: 5
   dt: d
   data: [ -1.0421724819903148e-01, 5.2911718142805764e-02,
       1.1206441973899042e-03, -8.5560505295764245e-04,
       5.4527456124447948e-01 ]
M2: !!opencv-matrix
   rows: 0
   cols: 0
   dt: u
   data: []
D2: !!opencv-matrix
   rows: 0
   cols: 0
   dt: u
   data: []
R: !!opencv-matrix
   rows: 0
   cols: 0
   dt: u
   data: []
T: !!opencv-matrix
   rows: 0
   cols: 0
   dt: u
   data: []
K: !!opencv-matrix
   rows: 8
   cols: 1
   dt: d
   data: [ -1.7547411764983808e-02, 4.6038787761696714e-04,
       -1.0216834396591469e-02, 9.9979366900184186e-01,
       2.2270758103395650e-05, 5.2839165931477063e-06,
       -1.3372319450101835e-04, 3.0609851424651580e-04 ]
